9065511
9084599
9114263
9185551
9256495
9391021
9405692
9412517
9465007
9491989
9620697
9620698
9620699
9636217
9714705
9728909
9770542
9787003
9808463
9819271
9819274
9838166
9862924
9886448
9990082
10022492
10022494
10022496
10051677
10191322
10196461
10197540
10215087
10216270
10220229
10227106
10234026
10349031
10355678
10355680
10366639
10376114
10388796
10388797
10388802
10390028
10400241
10400972
10400975
10402199
10407201
10426417
10430955
10450888
10450889
10506099
10531451
10545400
10554989
10554992
10554993
10559415
10561425
10571235
10586971
10594068
10600999
10601675
10617288
10624956
10632617
10634893
10639391
10639399
10643727
10648437
10656524
10666552
10666559
10666562
10669519
10678698
10680764
10683393
10684898
10686183
10689056
10712490
10717412
10729350
10734010
10751455
10774738
10775540
10792453
10805701
10805707
10808134
10838149
10847597
10848570
10858628
10859133
10859136
10861020
10863028
10864232
10865104
10865105
10865107
10869575
10899227
10900023
10906316
10906317
10908189
10908192
10908201
10912589
10912590
10913505
10920049
10978692
10978708
10978709
10980029
10980036
10982747
10982748
10982749
11004124
11018487
11050021
11050024
11050027
11053230
11074084
11080231
11087002
11095716
11099442
11099454
11099732
11099827
11110829
11110834
11113035
11113037
11114477
11115652
11133788
11133789
11157567
11160520
11160524
11163281
11163282
11163369
11163375
11167053
11167061
11169872
11169874
11170305
11182099
11208666
11209064
11222456
11230093
11230094
11230097
11230098
11231095
11239442
11239713
11239901
11240106
11240107
11240114
11241875
11248106
11257281
11259662
11264319
11278198
11285015
11287379
11287664
11295369
11297824
11306631
11313034
11313298
11322979
11322985
11322986
11335694
11339984
11353732
11375910
11387405
11395019
11422456
11430815
11430841
11438601
11459760
11459886
11463481
11502262
11516443
11516444
11527554
11532885
11532889
11532891
11549616
11549617
11549618
11553288
11553776
11556898
11566313
11567063
11571223
11576194
11578663
11580903
11587890
11587893
11587899
11587904
11590110
11590113
11590114
11595262
11595391
11595392
11600656
11600661
11606687
11640935
11668653
11673327
11682336
11683908
11689304
11689307
11698132
11698133
11698604
11704074
11704079
11709486
11728837
11738037
11739262
11739265
11739597
11750889
11750903
11784773
11784775
11784801
11796770
11804576
11822992
11826125
11832233
11834598
11835600
11835601
11835603
11835610
11839600
11839605
11844728
11844731
11856537
11860517
11867253
11872243
11879657
11880658
11884351
11884353
11884359
11897168
11900732
11900744
11904454
11906703
11919005
11919006
11922877
11923436
11923438
11931748
11931928
11950516
11950765
11955990
11958958
11958964
11960021
11960892
11960893
11960899
11976394
11983183
11992655
12003859
12023321
12032364
12040063
12050089
12060018
12062028
12062047
12062884
12063136
12067697
12067701
12077007
12077008
12077009
12077201
12077202
12091573
12091578
12098493
12098499
12099909
12112763
12112764
12112766
12112769
12122033
12122035
12123617
12123619
12133565
12133585
12135962
12135969
12135971
12135974
12140016
12147314
12151507
12160754
12160756
12163553
12165364
12165379
12165380
12165401
12165478
12165479
12183389
12183390
12193197
12194878
12203685
12203688
12204304
12205165
12205170
12208009
12208637
12244080
12244209
12351738
12353242
12353244
12354405
12356445
12364527
12367514
12367516
12372029
12372032
12372290
12372291
12379600
12379601
12379604
12388609
12390981
12391570
12395388
12395390
12397138
12399015
12399143
12401549
12401562
12405975
12408855
12417678
12417679
12417766
12421659
12426034
12427681
12427682
12427683
12429401
12429600
12433382
12438464
12438467
12441063
12454910
12457755
12457760
12457762
12457763
12459216
12466452
12477696
12477698
12477703
12477708
12486175
12486176
12486265
12493600
12495634
12506194
12507726
12507945
12507947
12507948
12513941
12513946
12518293
12522194
12526781
12527103
12531463
12537955
12538399
12546829
12547465
12559652
12559653
12566282
12566286
12571116
12571121
12574475
12574477
12574485
12589883
12589885
12589886
12589891
12589893
12595178
12595179
12595181
12595182
12595185
12595186
12595190
12595193
12595196
12595197
12595200
12595201
12595206
12597867
12598634
12599272
12599275
12599276
12599277
12599278
12599279
12599280
12599282
12611944
12614998
12615644
12615645
12628177
12631562
12631567
12631568
12644353
12644354
12644355
12653987
12657700
12662974
12663093
12667840
12667843
12667848
12667849
12667850
12667851
12667852
12667855
12668222
12668228
12668235
12668237
12668238
12668239
12670429
12672539
12672965
12679294
12679295
12679298
12681347
12682281
12694890
12702705
12706214
12713652
12713654
12714174
12714175
12716950
12716951
12718866
12725759
12725760
12725761
12725766
12725767
12725768
12725769
12727182
12731102
12738340
12738341
12742672
12742674
12744947
12744952
12749964
12753960
12757885
12757906
12763188
12763191
12763192
12763194
12764063
12773617
12781723
12781725
12781727
12797966
12805112
12805116
12809978
12809980
12811732
12811733
12812834
12814578
12814579
12814580
12814583
12814585
12814586
12814589
12814861
12816895
12821513
12821520
12823480
12824463
12830347
12842716
12850551
12850560
12853369
12873392
12873805
12874776
12875920
12876150
12880781
12880783
12880785
12880789
12880791
12880792
12880794
12880796
12880798
12880805
12880808
12880813
12880816
12880818
12880819
12880821
12880825
12880826
12880828
12880836
12880840
12880846
12880898
12880904
12880907
12880911
12880912
12880918
12887991
12893418
12893421
12902031
12902389
12902398
12902399
12925283
12925284
12948687
12948690
12948696
12948697
12948698
12948701
12948705
12948707
12948709
12948712
12948713
12948716
12948717
12948722
12948727
12948738
12953303
12953304
12954871
12958082
12961051
12967919
12971903
12972367
14504861
14505331
14508634
14511835
14512216
14527539
14527565
14527566
14527570
14527571
14527576
14527577
14527579
14527589
14527590
14527592
14527594
14527595
14527597
14527602
14527618
14550677
14561442
14561452
14561459
14568445
14568446
14568448
14568451
14568456
14568457
14568459
14568462
14568463
14568464
14568470
14568474
14568477
14568478
14568482
14568484
14568495
14568502
14568503
14568504
14568509
14572916
14573322
14574427
14585491
14597297
14597300
14607167
14607172
14607785
14615072
14615076
14615297
14615298
14615300
14615301
14622239
14622587
14625149
14625150
14642286
14642287
14642463
14642464
14642466
14642467
14642468
14642473
14642475
14642477
14642482
14642483
14642485
14642491
14643096
14652104
14654457
14656307
14659102
14659494
14659496
14659501
14673803
14680768
14683699
14683700
14683701
14683707
14683715
14683717
14683720
14683721
14683724
14683727
14686911
14687557
14689505
14689506
14691061
14700729
14704214
14704217
14706428
14715131
14725640
14728916
14728923
14732592
14736575
14736578
14736856
14741108
14741309
14741317
14741318
14741637
14741643
14741644
14741647
14741648
14741652
14741655
14741658
14741659
14741668
14741670
14741672
14741673
14741678
14741683
14742598
14744477
14745466
14749289
14754865
14755593
14755597
14755836
14755837
14755839
14761902
14762135
14766185
14960288
14960499
14972366
14973239
14980212
14980552
14980553
14980557
14980558
14980560
14980562
14980564
14980565
14980569
14980573
14980575
14980576
14980577
14980580
14984424
14984425
14993603
15003179
15003765
15006649
15006650
15006651
15006652
15006656
15006659
15006661
15006663
15006669
15006672
15006679
15006681
15006682
15006683
15006685
15009154
15010232
15010234
15013826
15013829
15014103
15014131
15016102
15016426
15019708
15023577
15028641
15029467
15033182
15036060
15038005
15038006
15038007
15038009
15038994
15046728
15046729
15050549
15050550
15050551
15050556
15050561
15050563
15050566
15050567
15050570
15050572
15050577
15050583
15050584
15050589
15050590
15050593
15050601
15050602
15050725
15050863
15050866
15053955
15054055
15054057
15054060
15054061
15054065
15054067
15054068
15054077
15056686
15062860
15064407
15068910
15069021
15078568
15078569
15083527
15083528
15084491
15084494
15090475
15091345
15091346
15091347
15099600
15102894
15108303
15109993
15109996
15109998
15110005
15110006
15110007
15110011
15110014
15110018
15110019
15110020
15110021
15110029
15110032
15110039
15110735
15115734
15115738
15115748
15120536
15127179
15128413
15128414
15130584
15130588
15130591
15130592
15134646
15135157
15142955
15142959
15142963
15142964
15145996
15157428
15157701
15158422
15163610
15163677
15166097
15166099
15166100
15166105
15177789
15178176
15178178
15182316
15182319
15182320
15183385
15183388
15183391
15183394
15183397
15184035
15184037
15192010
15193581
15193582
15193590
15193595
15193597
15193603
15193610
15193611
15193617
15193621
15193622
15193624
15193625
15193626
15193632
15195287
15195289
15196672
15196684
15202106
15202110
15205869
15215213
15217377
15217392
15217896
15219581
15219584
15219587
15219589
15219590
15219596
15219600
15219606
15219608
15219713
15221201
